12.754265
0.03958549
0.032402113
0.026522145
0.021709405
0.017769948
0.014545384
0.011905931
0.009745355
0.007976922
0.0065294467
0.005344539
0.004374704
0.0035808443
0.002931089
0.002399205
0.0019638317
0.001607426
0.0013157459
0.0010769822
0.0008815691
0.00072158594
0.0005906473
0.00048346145
0.00039573823
0.00032393154
0.00026514052
0.00021703246
0.00017765169
0.00014540457
0.000119022945
0.00009742043
0.00007974262
0.000065273096
0.000053426047
0.00004373145
0.0000357959
0.000029300496
0.00002398518
0.000019633222
0.000016069987
0.0000131538645
0.000010765731
0.000008813388
0.0000072146795
0.0000059057465
0.0000048331913
0.000003955697
0.000003239091
0.0000026505763
0.0000021692254
0.0000017757
0.0000014540951
0.0000011899108
0.0000009736109
0.00000079726306
0.00000065217364
0.0000005344166
0.00000043747832
0.0000003580194
0.00000029265743
0.00000023955408
0.00000019623917
0.00000016052877
0.00000013137515
0.000000107586175
0.00000008794041
0.00000007216522
0.000000058893647
0.000000048187985
0.00000003960872
0.000000032347316
0.000000026508587
0.000000021628239
0.000000017718094
0.0000000145169
0.000000011914381
0.00000000978207
0.000000007933977
0.000000006546088
0.000000005376478
0.0000000043939963
0.0000000036041001
0.0000000029469902
0.000000002412662
0.0000000019983872
0.0000000016500508
0.000000001331955
0.000000001091621
0.000000000922455
0.0000000007653398
0.00000000062073013
0.0000000005231868
0.00000000043223736
0.0000000003515197
0.00000000029035618
0.00000000024670044
0.00000000019599611
0.00000000016689228
0.00000000014301804
0.0000000001191438
0.000000000096861186
0.00000000008412826
0.00000000006616574
0.00000000006139089
0.00000000005570655
0.00000000004138201
0.00000000004138201
0.000000000036834535
0.00000000002978595
0.000000000025920599
0.000000000019326762
0.000000000019326762
0.000000000017053026
0.000000000013869794
0.000000000013869794
0.000000000012050805
0.000000000009322321
0.000000000007275958
0.000000000007275958
0.000000000007275958
0.000000000007275958
0.000000000007275958
0.000000000007275958
0.000000000007275958
0.000000000007275958
0.000000000007275958
0.000000000007275958
0.000000000007275958
0.000000000007275958
0.000000000007275958
0.000000000007275958
0.000000000007275958
0.000000000007275958
0.000000000007275958
0.000000000007275958
0.000000000007275958
0.000000000007275958
0.000000000007275958
0.000000000007275958
0.000000000007275958
0.000000000007275958
0.000000000007275958
0.000000000007275958
0.000000000007275958
0.000000000007275958
0.000000000007275958
0.000000000007275958
0.000000000007275958
0.000000000007275958
0.000000000007275958
0.000000000007275958
0.000000000007275958
0.000000000007275958
0.000000000007275958
0.000000000007275958
0.000000000007275958
0.000000000007275958
0.000000000007275958
0.000000000007275958
0.000000000007275958
0.000000000007275958
0.000000000007275958
0.000000000007275958
0.000000000007275958
0.000000000007275958
0.000000000007275958
0.000000000007275958
0.000000000007275958
0.000000000007275958
0.000000000007275958
0.000000000007275958
0.000000000007275958
0.000000000007275958
0.000000000007275958
0.000000000007275958
0.000000000007275958
0.000000000007275958
0.000000000007275958
0.000000000007275958
0.000000000007275958
0.000000000007275958
0.000000000007275958
0.000000000007275958
0.000000000007275958
0.000000000007275958
0.000000000007275958
0.000000000007275958
0.000000000007275958
0.000000000007275958
0.000000000007275958
0.000000000007275958
0.000000000007275958
0.000000000007275958
0.000000000007275958
0.000000000007275958
0.000000000007275958
0.000000000007275958
0.000000000007275958
0.000000000007275958
0.000000000007275958
0.000000000007275958
0.000000000007275958
0.000000000007275958
0.000000000007275958
0.000000000007275958
0.000000000007275958
0.000000000007275958
0.000000000007275958
0.000000000007275958
0.000000000007275958
0.000000000007275958
0.000000000007275958
0.000000000007275958
0.000000000007275958
0.000000000007275958
0.000000000007275958
0.000000000007275958
0.000000000007275958
0.000000000007275958
0.000000000007275958
0.000000000007275958
0.000000000007275958
0.000000000007275958
0.000000000007275958
0.000000000007275958
0.000000000007275958
0.000000000007275958
0.000000000007275958
0.000000000007275958
0.000000000007275958
0.000000000007275958
0.000000000007275958
0.000000000007275958
0.000000000007275958
0.000000000007275958
0.000000000007275958
0.000000000007275958
0.000000000007275958
0.000000000007275958
0.000000000007275958
0.000000000007275958
0.000000000007275958
0.000000000007275958
0.000000000007275958
0.000000000007275958
0.000000000007275958
0.000000000007275958
0.000000000007275958
0.000000000007275958
0.000000000007275958
0.000000000007275958
0.000000000007275958
0.000000000007275958
0.000000000007275958
0.000000000007275958
0.000000000007275958
0.000000000007275958
0.000000000007275958
0.000000000007275958
0.000000000007275958
0.000000000007275958
0.000000000007275958
0.000000000007275958
0.000000000007275958
0.000000000007275958
0.000000000007275958
0.000000000007275958
0.000000000007275958
0.000000000007275958
0.000000000007275958
0.000000000007275958
0.000000000007275958
0.000000000007275958
0.000000000007275958
0.000000000007275958
0.000000000007275958
0.000000000007275958
0.000000000007275958
0.000000000007275958
0.000000000007275958
0.000000000007275958
0.000000000007275958
0.000000000007275958
0.000000000007275958
0.000000000007275958
0.000000000007275958
0.000000000007275958
0.000000000007275958
0.000000000007275958
0.000000000007275958
0.000000000007275958
0.000000000007275958
0.000000000007275958
0.000000000007275958
0.000000000007275958
0.000000000007275958
0.000000000007275958
0.000000000007275958
0.000000000007275958
0.000000000007275958
0.000000000007275958
0.000000000007275958
0.000000000007275958
0.000000000007275958
0.000000000007275958
0.000000000007275958
0.000000000007275958
0.000000000007275958
0.000000000007275958
0.000000000007275958
0.000000000007275958
0.000000000007275958
0.000000000007275958
0.000000000007275958
0.000000000007275958
0.000000000007275958
0.000000000007275958
0.000000000007275958
0.000000000007275958
0.000000000007275958
0.000000000007275958
0.000000000007275958
0.000000000007275958
0.000000000007275958
0.000000000007275958
0.000000000007275958
0.000000000007275958
0.000000000007275958
0.000000000007275958
0.000000000007275958
0.000000000007275958
0.000000000007275958
0.000000000007275958
0.000000000007275958
0.000000000007275958
0.000000000007275958
0.000000000007275958
0.000000000007275958
0.000000000007275958
0.000000000007275958
0.000000000007275958
0.000000000007275958
0.000000000007275958
0.000000000007275958
0.000000000007275958
0.000000000007275958
0.000000000007275958
0.000000000007275958
0.000000000007275958
0.000000000007275958
0.000000000007275958
0.000000000007275958
0.000000000007275958
0.000000000007275958
0.000000000007275958
0.000000000007275958
0.000000000007275958
0.000000000007275958
0.000000000007275958
0.000000000007275958
0.000000000007275958
0.000000000007275958
0.000000000007275958
0.000000000007275958
0.000000000007275958
0.000000000007275958
0.000000000007275958
0.000000000007275958
0.000000000007275958
0.000000000007275958
0.000000000007275958
0.000000000007275958
0.000000000007275958
0.000000000007275958
0.000000000007275958
0.000000000007275958
0.000000000007275958
0.000000000007275958
0.000000000007275958
0.000000000007275958
0.000000000007275958
0.000000000007275958
0.000000000007275958
0.000000000007275958
0.000000000007275958
0.000000000007275958
0.000000000007275958
0.000000000007275958
0.000000000007275958
0.000000000007275958
0.000000000007275958
0.000000000007275958
0.000000000007275958
0.000000000007275958
0.000000000007275958
0.000000000007275958
0.000000000007275958
0.000000000007275958
0.000000000007275958
0.000000000007275958
0.000000000007275958
0.000000000007275958
0.000000000007275958
0.000000000007275958
0.000000000007275958
0.000000000007275958
0.000000000007275958
0.000000000007275958
0.000000000007275958
0.000000000007275958
0.000000000007275958
0.000000000007275958
0.000000000007275958
0.000000000007275958
0.000000000007275958
0.000000000007275958
0.000000000007275958
0.000000000007275958
0.000000000007275958
0.000000000007275958
0.000000000007275958
0.000000000007275958
0.000000000007275958
0.000000000007275958
0.000000000007275958
0.000000000007275958
0.000000000007275958
0.000000000007275958
0.000000000007275958
0.000000000007275958
0.000000000007275958
0.000000000007275958
0.000000000007275958
0.000000000007275958
0.000000000007275958
0.000000000007275958
0.000000000007275958
0.000000000007275958
0.000000000007275958
0.000000000007275958
0.000000000007275958
0.000000000007275958
0.000000000007275958
0.000000000007275958
0.000000000007275958
0.000000000007275958
0.000000000007275958
0.000000000007275958
0.000000000007275958
0.000000000007275958
0.000000000007275958
0.000000000007275958
0.000000000007275958
0.000000000007275958
0.000000000007275958
0.000000000007275958
0.000000000007275958
0.000000000007275958
0.000000000007275958
0.000000000007275958
0.000000000007275958
0.000000000007275958
0.000000000007275958
0.000000000007275958
0.000000000007275958
0.000000000007275958
0.000000000007275958
0.000000000007275958
0.000000000007275958
0.000000000007275958
0.000000000007275958
0.000000000007275958
0.000000000007275958
0.000000000007275958
0.000000000007275958
0.000000000007275958
0.000000000007275958
0.000000000007275958
0.000000000007275958
0.000000000007275958
0.000000000007275958
0.000000000007275958
0.000000000007275958
0.000000000007275958
0.000000000007275958
0.000000000007275958
0.000000000007275958
0.000000000007275958
0.000000000007275958
0.000000000007275958
0.000000000007275958
0.000000000007275958
0.000000000007275958
0.000000000007275958
0.000000000007275958
0.000000000007275958
0.000000000007275958
0.000000000007275958
0.000000000007275958
