5
5
5
5
5
5
5
5
5
5
5
5
5
5
5
5
5
5
5
5
5
5
5
5
5
5
5
5
5
5
4.999995
4.9999924
4.999843
5.0000024
4.9415627
4.511493
4.154832
4.13385
4.066902
5.6121473
3.9492135
3.4599516
3.1645575
3.1476402
4.5927
4.7337956
3.0648417
3.060774
3.0585752
3.0583434
4.7148285
4.722768
3.0561388
3.0559056
3.055712
3.0557117
4.719798
4.685154
2.5438814
2.556001
1.2414021
2.643836
2.8262868
2.8022935
1.1244519
2.763328
1.1155258
2.7698154
2.7800472
2.7769434
1.0677071
2.347332
1.4544029
1.9243895
1.8483335
1.8252448
0.14907426
1.8105685
1.7801855
1.7931577
1.5839837
1.0696068
0.61275107
0.8623227
0.8462758
0.8463084
0.8403474
0.837397
0.82218665
0.8347245
0.83400863
0.8341082
0.83375657
0.8336673
0.83252275
0.8334394
0.833397
0.8333908
0.8333237
0.83340776
0.833217
0.8333465
0.8333688
0.83333814
0.833287
0.83337617
0.83332753
0.8333228
0.8333668
0.8333206
0.83327156
0.83336353
0.83337635
0.83331406
0.83336025
0.8333124
0.8332654
0.8333586
0.83339596
0.8333126
0.8333567
0.8333104
0.83326304
0.83335656
0.83340484
0.8333115
0.8333568
0.8333091
0.833263
0.8333566
0.8334011
0.8333111
0.83335644
0.83330995
0.83326316
0.83335704
0.8334013
0.8333136
0.83334434
0.8333547
0.8334811
0.8317136
0.81322527
0.910908
1.2987926
2.416618
2.652201
1.6286215
1.1678345
1.9916594
1.4175608
2.3944457
1.7126442
1.0085824
0.7132791
1.2157733
0.9375188
1.6220816
1.2209975
0.7899012
1.2978354
1.3355321
1.3314034
1.7775464
2.806119
1.4480687
1.8001866
0.7682977
1.0632839
0.354303
1.1259295
1.1638699
1.1945789
1.0947449
1.2437594
0.43739095
0.614102
1.2788234
1.2760619
1.1617981
1.2738967
0.5071416
0.54803115
1.2717272
1.2586007
1.136631
1.2461131
0.53043777
0.54551977
1.2400925
1.225613
1.0985293
1.2134846
0.5445347
0.55411565
1.2094353
1.1949449
1.0639513
1.1844488
0.5566649
0.56458336
1.1827737
1.1683524
1.0344635
1.1593472
0.56805676
0.5750548
1.1597205
1.1453011
1.009354
1.1374891
0.57890135
0.5851706
1.1395618
1.1250743
0.98781997
1.1182259
0.5892898
0.59479773
1.1217351
1.1071634
0.96943814
1.1014109
0.6001308
0.60168636
1.1065965
1.0916976
0.9572879
1.0909727
0.6232534
0.57667804
1.1060567
1.0909635
1.0181184
1.1981744
0.86976767
0.18599448
1.6265818
1.6954479
1.9813046
2.0213354
2.0017555
0.019776525
2.0103
1.8566804
2.0031161
2.0023763
2.0008223
2.161442
2.001927
1.9147365
2.0017805
2.0115442
1.9999578
0.003046576
2.0041876
2.1759355
1.129938
1.7698705
1.9994814
2.0658388
2.0088084
1.7942122
2.0115745
1.3599432
1.9979352
0.017651293
2.0193505
1.6293864
2.0197172
1.0130438
1.9953165
1.4567064
2.0250578
1.6652879
0.7053349
2.0341408
1.9883602
0.041212525
2.029959
1.2674947
2.0255334
0.7639711
1.9758918
0.046039607
2.0261567
1.5709968
0.6908925
2.0367448
1.9649421
1.2090756
2.0174575
1.2066191
2.016272
0.71769196
1.9501992
0.06451076
2.0030189
1.5167258
0.70849717
0.7097994
1.9331883
1.2004857
1.9762509
1.1926922
1.9818417
2.0023994
1.9137958
0.07883494
1.938198
1.3981043
0.7264403
1.9712019
1.8772095
0.10089685
1.8808931
1.2730118
1.8759439
1.9095242
1.8208948
1.1875792
1.7639295
1.1611943
0.74337995
1.7652524
1.6760933
0.20928347
1.576342
0.8906119
1.6025984
1.6532068
1.5840828
0.2535188
1.4098878
1.1152575
0.7769569
1.5221305
1.4607767
1.124773
1.3149712
0.56842303
1.3719182
1.4181968
0.63338035
0.4683379
1.1660776
1.1062005
1.330519
0.84333456
1.3478588
1.1237551
1.1082273
0.42313954
0.787789
1.2716798
0.61114997
0.78139985
1.0002201
1.1102297
1.2914431
1.2876719
1.5990826
1.1214415
0.91109717
0.4941458
0.78446496
0.86879146
0.60129875
2.5534296
1.2731237
1.0941494
0.81494653
0.88847995
3.25327
1.1086631
1.6874206
1.6817812
2.5936272
1.9603922
0.58059317
3.474964
1.6928351
1.0928198
0.7998154
0.90120405
0.5736412
1.1245576
1.3702132
1.1000519
2.0320542
1.4416585
2.5779967
1.146697
0.97295386
0.96625865
0.75184053
0.8445529
0.6038373
1.1787549
0.68645674
1.1058278
0.74255353
0.8288394
1.4211427
1.1998371
0.6010787
0.75187504
0.8993331
0.7748509
0.61108077
1.202106
0.6522964
1.0948026
0.7364309
0.81288147
0.6381858
1.2473778
0.7250582
1.0823154
0.83885145
0.8351013
0.95246255
1.0538378
0.7938291
0.86086214
0.74214834
0.79902667
0.6865762
1.0298913
0.84513485
1.0465833
0.74740124
0.7986591
0.6993952
1.2703612
0.8815579
0.9116936
0.8872361
0.9221574
0.70635605
1.0112476
0.9075479
1.000573
0.75600594
0.8067359
0.89350957
1.2457463
0.9261246
0.97676253
0.9140166
0.81238365
0.89241
1.2272251
0.9391541
0.943427
0.7632496
0.81915915
0.71103805
1.0009918
0.8279421
0.92827576
0.7674916
0.8281081
0.7087602
1.1563079
0.82989
0.9499934
0.9349009
0.8374157
0.7061231
1.1263504
0.8332596
0.88964903
0.7769978
0.8466133
0.88586503
1.0915349
0.96101993
0.87845004
0.94025576
0.8550291
0.7028547
0.9874814
0.842828
0.9523667
0.78851086
0.8635143
0.7039541
0.983267
0.84845066
0.8606975
0.79415196
0.9735493
0.88195413
0.9992854
0.85382444
0.95001733
0.93995035
0.9724949
0.70970285
0.9740505
0.96230865
0.8529808
0.80411017
0.8831408
0.87921125
0.9507787
0.96288455
0.84880066
0.94092077
0.8885371
0.7151078
0.9639426
0.96233404
0.94518954
0.81335145
0.89347017
0.72009367
0.9159393
0.86877614
0.84495246
0.81638813
0.9707577
0.87283224
0.95571566
0.87136894
0.9418331
0.93495893
0.8994326
0.87217647
0.89094263
0.87339365
0.843716
0.82156813
0.9007679
0.7314557
0.8789572
0.9569267
0.84296703
0.93221474
0.9017619
0.7344562
0.87141037
0.9556569
0.93613833
0.82630306
0.90270984
0.738503
0.9399304
0.8753374
0.8410745
0.8263662
0.96429884
0.86898893
0.93542147
0.87699294
0.92974
0.9244594
0.96144587
0.7486413
0.93138003
0.8780011
0.842445
0.83103603
0.9048111
0.86463976
0.8516412
0.9467641
0.8417479
0.9194653
0.90431607
0.75626117
0.8484137
0.8775351
0.92252
0.8333446
0.9035308
0.7593668
0.92171067
0.87669134
0.841082
0.83388007
0.952693
0.8617248
0.8441168
0.9370766
0.91461045
0.91196936
0.90277076
0.7682041
0.843283
0.87550825
0.8405801
0.83480275
0.90032
0.86141425
0.8427278
0.93350863
0.84155977
0.9080092
