5
5
5
5
5
5
4.999999
4.028415
2.750597
2.7777493
2.7669754
1.7924725
0.83342385
0.83330417
0.8332993
0.83329535
0.83991855
1.4100411
1
1.7149508
1.913315
1.9997785
1.943233
1.307626
2.8505046
3.9999
3.998561
0.80883837
2.7520492
1.0771075
2.950581
2.032878
1.4651067
2.1003947
0.7311194
2.707683
0.9606968
1.0043455
1.1465838
2.0015488
1.8022656
0.7964773
1.0583944
2.2720373
2.908373
2.3351614
2.132524
2.896131
2.2088864
2.3061678
1.9996867
1.9451818
1.1872499
1.8517336
1.8483862
1.2409024
2.1819754
1.376686
2.6962564
2.9168985
1.9636824
1.7601187
1.0000283
1.8967613
2.1085112
1.0006071
1.4966881
2.07857
3.9646888
1.000842
0.73100096
0.73916095
1.0111887
1.0008063
1
1.0280758
1.7037003
1.1609273
1.9995208
0.99748594
0.33296782
1
0.5132099
1.0000007
2.150969
0.47573122
1.0084409
0.56284344
1.0062555
1.0823004
0.6229739
1.7194291
1.2599978
1.0530479
0.9153077
0.746171
1.1125469
1.0000014
0.7616875
0.7583793
